1 0.452279 0.339061 0.029378 0.026927
1 0.429024 0.236245 0.026930 0.029375
1 0.437592 0.200137 0.034274 0.018361
1 0.663357 0.884349 0.038067 0.040392
1 0.969416 0.900872 0.052632 0.058750
1 0.718436 0.970639 0.064992 0.048958
1 0.807244 0.636490 0.031812 0.029378
1 0.641386 0.312134 0.099142 0.097919
1 0.558764 0.438213 0.095466 0.127303
1 0.409382 0.552647 0.146998 0.104038
1 0.447322 0.721558 0.112730 0.126072
1 0.279635 0.293773 0.041738 0.034274
1 0.913724 0.160358 0.085677 0.058753
1 0.983491 0.386797 0.031823 0.046510
1 0.919783 0.696467 0.041738 0.039167
1 0.460847 0.438816 0.046513 0.045285
