1 0.465103 0.290679 0.089353 0.130974
1 0.539152 0.373915 0.097920 0.055080
1 0.615042 0.218468 0.124846 0.082006
1 0.845152 0.227037 0.073439 0.035497
1 0.810268 0.181748 0.025702 0.020811
1 0.785175 0.438175 0.097920 0.070990
1 0.847598 0.597293 0.053856 0.080785
1 0.517115 0.840867 0.051410 0.063651
1 0.296803 0.561186 0.056304 0.042840
1 0.382484 0.664000 0.017135 0.018359
1 0.234380 0.332912 0.031824 0.034272
1 0.263756 0.253965 0.024481 0.023256
1 0.427159 0.193989 0.035497 0.018362
1 0.546498 0.110756 0.029375 0.020808
1 0.130954 0.700721 0.030599 0.064872
1 0.475505 0.469998 0.031824 0.034272
