1 0.256992 0.783369 0.035617 0.046513
1 0.061765 0.522597 0.090696 0.090699
1 0.041569 0.412500 0.052755 0.078333
1 0.522660 0.096650 0.045288 0.036842
1 0.654178 0.296834 0.027050 0.033048
1 0.540958 0.321313 0.033172 0.025702
1 0.593590 0.234960 0.040513 0.031944
1 0.483431 0.185450 0.020929 0.020806
1 0.262500 0.613847 0.022155 0.025704
1 0.108888 0.890461 0.082130 0.059978
1 0.023821 0.816417 0.046634 0.056305
1 0.232512 0.926576 0.042963 0.026930
1 0.294936 0.828596 0.025825 0.022155
1 0.557482 0.574067 0.024603 0.024482
1 0.417947 0.166478 0.058876 0.046513
1 0.336001 0.234409 0.090576 0.108934
1 0.363479 0.381901 0.104161 0.093024
1 0.411826 0.449219 0.051530 0.061201
1 0.433247 0.548362 0.033172 0.036719
1 0.391080 0.634655 0.083229 0.089353
1 0.327984 0.546525 0.047859 0.045288
1 0.476694 0.663418 0.027039 0.034271
1 0.491387 0.720946 0.041738 0.039167
1 0.450382 0.784593 0.018484 0.024482
1 0.345732 0.728840 0.078459 0.072336
1 0.167641 0.693344 0.055200 0.042961
