1 0.406349 0.454085 0.062423 0.073439
1 0.600965 0.416143 0.037942 0.029375
1 0.632788 0.451026 0.028154 0.025705
1 0.653598 0.361064 0.033048 0.024481
1 0.443683 0.493255 0.029378 0.029375
1 0.529362 0.563021 0.022032 0.024478
1 0.586888 0.589337 0.063647 0.069769
1 0.517734 0.732543 0.042840 0.059978
1 0.453474 0.610758 0.024481 0.029375
1 0.362899 0.630341 0.029375 0.036721
1 0.302925 0.386154 0.034272 0.045288
1 0.979492 0.470611 0.041016 0.030599
1 0.834747 0.692152 0.047737 0.040394
1 0.968774 0.747845 0.041619 0.078337
