1 0.242294 0.767997 0.023254 0.020807
1 0.531155 0.090518 0.035498 0.031825
1 0.647434 0.678034 0.028153 0.036720
1 0.494435 0.676810 0.023258 0.019582
1 0.449759 0.712307 0.029374 0.031825
1 0.537888 0.783910 0.029378 0.023258
1 0.455881 0.577057 0.017138 0.020807
1 0.348782 0.501781 0.025702 0.031825
1 0.940581 0.705576 0.044065 0.028153
1 0.375098 0.979137 0.041614 0.036720
1 0.052577 0.326749 0.015913 0.022029
1 0.096027 0.106431 0.019585 0.019585
1 0.184154 0.752086 0.031825 0.025705
1 0.100311 0.239234 0.106486 0.123621
1 0.154780 0.108878 0.078334 0.056305
1 0.117447 0.040950 0.064869 0.030600
1 0.047068 0.059920 0.061200 0.070992
1 0.281462 0.057473 0.028153 0.026927
1 0.055635 0.160287 0.066094 0.039167
1 0.522588 0.553800 0.052632 0.047734
1 0.541561 0.473016 0.031822 0.025705
1 0.503003 0.363469 0.040392 0.029374
1 0.428341 0.341438 0.025702 0.034272
1 0.223936 0.521977 0.040392 0.069767
1 0.176200 0.480361 0.035494 0.047734
1 0.285135 0.656614 0.040392 0.037945
1 0.239234 0.693947 0.080785 0.063650
1 0.230054 0.898965 0.050185 0.047734
1 0.267999 0.789419 0.018360 0.024480
1 0.490765 0.204350 0.037945 0.041614
1 0.422834 0.269833 0.107712 0.057527
