1 0.396527 0.339061 0.138432 0.151774
1 0.638876 0.310234 0.040515 0.072338
1 0.608888 0.057481 0.044186 0.041738
1 0.659746 0.126086 0.055079 0.085680
1 0.646834 0.713538 0.051530 0.049076
1 0.113235 0.834165 0.210526 0.160343
1 0.101606 0.669538 0.028152 0.034274
1 0.052586 0.612622 0.038067 0.055079
1 0.212316 0.532390 0.044189 0.046634
1 0.255829 0.659134 0.162793 0.108936
1 0.428350 0.532452 0.064995 0.078336
1 0.356131 0.558155 0.064986 0.139534
1 0.583187 0.649342 0.134762 0.084457
1 0.568559 0.573454 0.031823 0.028152
1 0.576454 0.492671 0.087026 0.050184
1 0.549587 0.412500 0.050184 0.080784
