1 0.026613 0.140617 0.042256 0.063322
1 0.495636 0.229279 0.085625 0.054523
1 0.593528 0.208213 0.031102 0.024781
1 0.578039 0.259017 0.057124 0.032218
1 0.653628 0.269552 0.027388 0.026022
1 0.650529 0.390369 0.078191 0.064438
1 0.562551 0.408336 0.043495 0.040894
1 0.482005 0.398424 0.038539 0.043372
1 0.463418 0.325872 0.078191 0.076952
1 0.410133 0.483924 0.060842 0.083024
1 0.545263 0.518002 0.060718 0.047089
1 0.513605 0.708836 0.062078 0.054531
1 0.596689 0.746627 0.059479 0.073111
1 0.288076 0.462241 0.081908 0.089219
1 0.240370 0.253443 0.023668 0.053284
1 0.208832 0.239130 0.034698 0.032344
1 0.286898 0.210689 0.032218 0.059482
1 0.312859 0.106602 0.024907 0.029740
1 0.255238 0.094830 0.036058 0.033459
1 0.183368 0.146874 0.033583 0.038413
1 0.268869 0.135722 0.026149 0.026022
1 0.509886 0.911435 0.047212 0.028501
1 0.051398 0.351956 0.029863 0.034696
1 0.028473 0.457283 0.033580 0.086743
1 0.024756 0.063170 0.021190 0.054646
