1 0.129527 0.727419 0.133829 0.121439
1 0.368065 0.354434 0.112763 0.143742
1 0.503751 0.753442 0.143742 0.121439
1 0.881695 0.424446 0.138786 0.179677
1 0.958816 0.117754 0.082368 0.099131
1 0.708832 0.144397 0.065674 0.055762
1 0.741608 0.289378 0.069515 0.120197
1 0.310444 0.171657 0.052045 0.045847
1 0.386652 0.217507 0.026022 0.028501
1 0.455981 0.300530 0.033580 0.033457
1 0.573764 0.357532 0.073109 0.078067
1 0.407655 0.529154 0.048451 0.029740
1 0.469613 0.596689 0.038536 0.033459
1 0.697618 0.949228 0.107933 0.084263
1 0.903938 0.930022 0.141390 0.117719
1 0.055735 0.578102 0.085625 0.068155
1 0.237271 0.780703 0.057124 0.047086
