1 0.495731 0.894143 0.035496 0.035491
1 0.496894 0.778473 0.074786 0.115055
1 0.537348 0.616294 0.035496 0.033048
1 0.449831 0.557542 0.066094 0.086905
1 0.526269 0.533063 0.030724 0.050184
1 0.528717 0.203198 0.035620 0.031823
1 0.525045 0.291938 0.028276 0.033048
1 0.539734 0.386797 0.030724 0.036719
1 0.479145 0.313357 0.036842 0.046510
1 0.450506 0.662194 0.029498 0.025704
1 0.637164 0.635266 0.020929 0.028152
1 0.602218 0.158521 0.101590 0.064871
1 0.074618 0.872721 0.042963 0.031823
1 0.138876 0.809072 0.041738 0.026927
