1 0.397122 0.716268 0.146343 0.084263
1 0.575004 0.279464 0.137547 0.122678
1 0.649910 0.360008 0.074474 0.058240
1 0.721162 0.276367 0.070757 0.032218
1 0.774445 0.394087 0.038539 0.047089
1 0.762673 0.449848 0.032341 0.029740
1 0.556972 0.619612 0.054646 0.071872
1 0.652389 0.588633 0.121560 0.180918
1 0.454184 0.550839 0.138786 0.172242
1 0.472711 0.819737 0.089342 0.060718
1 0.342042 0.299911 0.048328 0.042130
1 0.236652 0.439315 0.048451 0.055762
1 0.348795 0.423825 0.069515 0.079306
1 0.761434 0.096069 0.027385 0.023542
