1 0.277830 0.610144 0.084455 0.126071
1 0.126668 0.402066 0.029375 0.030599
1 0.804147 0.842704 0.157897 0.091798
1 0.770489 0.959595 0.029375 0.026926
1 0.668897 0.703168 0.034269 0.025702
1 0.603413 0.596069 0.020808 0.024478
1 0.583830 0.505495 0.042840 0.031824
1 0.540990 0.459593 0.018359 0.023256
1 0.501822 0.280279 0.025702 0.039167
1 0.637684 0.212348 0.072215 0.030599
1 0.588724 0.141357 0.045288 0.033048
1 0.643194 0.129728 0.031824 0.022032
1 0.484687 0.229484 0.052631 0.042840
1 0.349436 0.269875 0.195840 0.143205
1 0.448579 0.160941 0.070990 0.050183
1 0.862287 0.135237 0.066093 0.089353
1 0.805982 0.040377 0.056304 0.031824
1 0.705003 0.058739 0.040391 0.031824
1 0.747232 0.153596 0.036721 0.042840
1 0.662165 0.498149 0.101593 0.117503
1 0.621772 0.667673 0.042840 0.045288
1 0.380034 0.591173 0.053856 0.029378
1 0.495090 0.634623 0.051410 0.052631
1 0.511002 0.528750 0.046510 0.048962
1 0.405127 0.454087 0.113830 0.085679
1 0.476119 0.361062 0.064872 0.056304
1 0.547111 0.328014 0.030599 0.034272
1 0.686644 0.310268 0.197064 0.133413
1 0.544662 0.246619 0.052631 0.086904
1 0.304760 0.121772 0.040391 0.045288
1 0.206840 0.149313 0.050186 0.031824
