1 0.810236 0.112622 0.057648 0.039169
1 0.985014 0.271679 0.029973 0.063769
1 0.784531 0.730126 0.038065 0.028152
1 0.779024 0.786428 0.031946 0.037944
1 0.851239 0.769905 0.046634 0.053857
1 0.823088 0.660970 0.029498 0.068542
1 0.759441 0.569109 0.061321 0.088251
1 0.695181 0.553259 0.035620 0.039167
1 0.681716 0.938816 0.079682 0.048958
1 0.828595 0.904544 0.087026 0.058753
1 0.393466 0.550137 0.034394 0.055203
1 0.382451 0.474250 0.022155 0.018484
1 0.593590 0.466967 0.028276 0.025704
1 0.501850 0.419232 0.023257 0.023257
1 0.946711 0.337836 0.036842 0.046510
1 0.553198 0.395363 0.064992 0.073440
1 0.562989 0.747874 0.231456 0.227662
1 0.468803 0.495726 0.072218 0.112615
1 0.459623 0.372721 0.073440 0.064871
1 0.542795 0.311520 0.039290 0.040392
1 0.607053 0.542855 0.040515 0.064871
1 0.561765 0.583858 0.030724 0.039169
1 0.343895 0.516539 0.038065 0.044065
1 0.421068 0.668314 0.037941 0.039167
1 0.703137 0.732574 0.049082 0.057527
1 0.327371 0.438204 0.031946 0.034271
1 0.295547 0.328657 0.019707 0.025702
1 0.403320 0.315805 0.022034 0.026927
1 0.447383 0.242977 0.029378 0.028152
1 0.680554 0.339672 0.069770 0.045288
1 0.597259 0.270518 0.025822 0.029375
1 0.560541 0.251546 0.025825 0.023257
1 0.922292 0.250321 0.066096 0.052632
1 0.967579 0.130370 0.063646 0.152999
1 0.868376 0.151790 0.029498 0.066096
1 0.813908 0.059990 0.077234 0.046510
