1 0.526271 0.292548 0.035617 0.031823
1 0.506686 0.210541 0.028273 0.039169
1 0.542793 0.343344 0.046634 0.033048
1 0.610725 0.328044 0.042963 0.046510
1 0.566661 0.495731 0.047856 0.046510
1 0.569722 0.448607 0.029498 0.018361
1 0.378779 0.442488 0.088248 0.128517
1 0.464459 0.495732 0.024603 0.029375
1 0.398362 0.585082 0.024603 0.029375
1 0.428962 0.647507 0.029498 0.026927
1 0.409379 0.740529 0.051532 0.058750
1 0.512194 0.778473 0.039290 0.026930
1 0.556319 0.833553 0.036721 0.063646
1 0.664030 0.564886 0.024479 0.025704
1 0.517701 0.627924 0.082130 0.107711
1 0.368987 0.219109 0.029498 0.034271
1 0.340836 0.258277 0.036842 0.029378
