1 0.607053 0.364153 0.035620 0.037944
1 0.706808 0.482267 0.034394 0.034271
1 0.533676 0.880064 0.033048 0.029378
1 0.515254 0.720333 0.028276 0.030600
1 0.562377 0.627922 0.031946 0.036721
1 0.702525 0.659134 0.096820 0.099145
1 0.836612 0.421680 0.105263 0.062423
1 0.205584 0.700750 0.035620 0.042837
1 0.619294 0.246038 0.067442 0.056302
1 0.394079 0.323761 0.042961 0.057527
1 0.474250 0.389243 0.066220 0.129742
1 0.012553 0.772965 0.025107 0.035496
1 0.585695 0.147505 0.029378 0.028152
1 0.499407 0.145059 0.035491 0.035496
1 0.162194 0.109561 0.066094 0.077111
1 0.112562 0.262500 0.072338 0.060099
1 0.252157 0.608951 0.057527 0.035496
1 0.133980 0.599708 0.041738 0.053978
