1 0.151149 0.486404 0.070757 0.090461
1 0.081136 0.146254 0.044734 0.027262
1 0.415090 0.327792 0.063322 0.033457
1 0.487581 0.244149 0.029866 0.024783
1 0.903938 0.246007 0.062081 0.125156
1 0.860567 0.394707 0.022429 0.058240
1 0.806106 0.285041 0.079306 0.061957
1 0.580524 0.841427 0.037308 0.029729
1 0.504929 0.680330 0.022429 0.027262
1 0.359327 0.535970 0.053407 0.097895
1 0.223021 0.587394 0.033580 0.032218
1 0.043343 0.359390 0.050929 0.066916
1 0.082377 0.287519 0.069518 0.047089
1 0.621409 0.423207 0.076952 0.060718
1 0.514904 0.447370 0.123914 0.183396
1 0.631942 0.539068 0.102974 0.118958
1 0.591051 0.640678 0.048451 0.047086
1 0.638139 0.718126 0.028624 0.030979
1 0.097866 0.390369 0.053407 0.074350
