6 0.266976 0.756571 0.187907 0.219231
6 0.664696 0.272505 0.126378 0.106548
6 0.317223 0.285468 0.062375 0.060821
6 0.576769 0.467223 0.069449 0.056580
6 0.197660 0.380647 0.056301 0.056301
6 0.882484 0.351272 0.084455 0.063647
6 0.357391 0.537929 0.057526 0.037942
6 0.242947 0.577710 0.078337 0.036721
6 0.271099 0.624220 0.044064 0.051407
6 0.801087 0.249681 0.063647 0.053856
6 0.327404 0.624221 0.066096 0.075885
6 0.357391 0.536707 0.067321 0.035497
6 0.460819 0.467550 0.070990 0.039170
6 0.531551 0.887397 0.204718 0.218923
6 0.697704 0.479829 0.124612 0.104913
6 0.530213 0.383386 0.077074 0.065599
6 0.405231 0.341779 0.108064 0.127532
6 0.289925 0.408968 0.149061 0.161718
6 0.915449 0.236205 0.162436 0.153692
6 0.870732 0.451006 0.169478 0.165218
6 0.518380 0.624516 0.156061 0.195776
6 0.399772 0.616923 0.069071 0.105321
6 0.572689 0.320088 0.083917 0.093285
