6 0.436742 0.535115 0.043990 0.048090
6 0.573292 0.378046 0.145712 0.233779
6 0.054298 0.037006 0.104494 0.074013
6 0.231013 0.111622 0.130128 0.182718
6 0.762785 0.919135 0.212058 0.156410
6 0.218437 0.921731 0.152452 0.126346
6 0.789005 0.586572 0.253183 0.168657
6 0.165880 0.402397 0.079349 0.082513
6 0.354027 0.417373 0.047119 0.061215
6 0.218920 0.577619 0.066622 0.062378
6 0.408524 0.732498 0.103253 0.063792
6 0.515950 0.878962 0.083593 0.084865
6 0.679316 0.064889 0.090663 0.075106
6 0.829952 0.273516 0.094910 0.082179
6 0.790348 0.423446 0.058131 0.034090
6 0.325072 0.245159 0.083452 0.070721
6 0.501163 0.607248 0.067904 0.045266
6 0.143248 0.772739 0.048234 0.033946
6 0.200603 0.719697 0.089109 0.091939
6 0.241551 0.537944 0.052474 0.062234
6 0.297421 0.566939 0.068035 0.057994
6 0.363899 0.552088 0.070862 0.045260
6 0.561212 0.564111 0.058135 0.046676
6 0.546431 0.400744 0.087696 0.113154
6 0.425497 0.371748 0.145686 0.148516
6 0.311635 0.346997 0.107500 0.121641
6 0.187165 0.314465 0.127298 0.118814
6 0.076840 0.363970 0.104667 0.099010
