1 0.372659 0.704422 0.056425 0.030598
1 0.602219 0.681165 0.055079 0.028152
1 0.769844 0.721497 0.052752 0.050307
1 0.893528 0.720946 0.037944 0.051409
1 0.621129 0.300504 0.022155 0.023257
1 0.597873 0.235633 0.022155 0.028152
1 0.929574 0.539733 0.044186 0.039290
1 0.932022 0.378779 0.039290 0.091922
1 0.533676 0.361092 0.062423 0.041615
1 0.261336 0.082634 0.068544 0.089353
1 0.326147 0.069110 0.051532 0.062547
1 0.977311 0.310909 0.031946 0.044065
1 0.815743 0.796221 0.022155 0.020809
1 0.585635 0.339060 0.029498 0.024479
1 0.577066 0.460847 0.029498 0.028152
1 0.518927 0.430186 0.025825 0.030724
1 0.578288 0.513480 0.029498 0.025704
1 0.439979 0.526332 0.039290 0.100367
1 0.448546 0.675658 0.024603 0.058750
