1 0.266205 0.725812 0.066096 0.078337
1 0.667059 0.458370 0.055080 0.050183
1 0.804147 0.364734 0.035494 0.083231
1 0.651761 0.339032 0.048958 0.080782
1 0.695824 0.251516 0.083231 0.028154
1 0.563021 0.303534 0.033048 0.031824
1 0.460205 0.366572 0.042840 0.028151
1 0.400231 0.290071 0.082006 0.046513
1 0.342091 0.546497 0.068542 0.042840
1 0.323731 0.615654 0.024481 0.039167
1 0.512226 0.599128 0.029375 0.023256
1 0.218468 0.565470 0.036718 0.046510
1 0.255800 0.499373 0.033048 0.024478
1 0.294968 0.426546 0.035494 0.028151
1 0.511002 0.517122 0.044061 0.035494
1 0.596681 0.495702 0.024478 0.029378
