1 0.481625 0.339643 0.019583 0.025702
1 0.518958 0.266816 0.037942 0.022029
1 0.247232 0.360450 0.035497 0.059978
1 0.418590 0.367183 0.018359 0.034269
1 0.361062 0.307208 0.033048 0.024481
1 0.307819 0.532421 0.031824 0.058753
1 0.211122 0.539766 0.029359 0.017135
1 0.210513 0.436338 0.025705 0.025702
1 0.430830 0.499986 0.057526 0.138311
1 0.416755 0.659718 0.051407 0.085679
1 0.353107 0.836583 0.026926 0.035494
1 0.430218 0.828016 0.022032 0.023256
1 0.520793 0.779056 0.056304 0.057529
1 0.524465 0.547723 0.039167 0.055080
